[SWEEP] universe universe_chopBOS_trunc21.parquet  32,162 trades  cost 24.2 bps  taper=scaled

  Loading CHOP data for 277 symbols...
    ... loaded 50/277
    ... loaded 100/277
    ... loaded 150/277
    ... loaded 200/277
    ... loaded 250/277
  Loaded CHOP for 277 symbols

--- DEV  2023-06-01..2025-07-01  [in-sample (walk-forward TRAIN)] ---
   risk%      n       final$      ROI%  maxDD%  ROI/DD  Calmar  Sharpe     PF
    0.10  11543       28,359     183.6    24.0    7.66    2.71    1.51   1.35
    0.20  11539       62,227     522.3    44.2   11.81    3.18    1.50   1.41
    0.25  11518       80,945     709.5    51.9   13.66    3.33    1.48   1.43
    0.30  11468      107,860     978.6    59.1   16.55    3.60    1.49   1.49
    0.50  11150      164,296    1543.0    78.2   19.74    3.62    1.41   1.48
    0.75  10710      204,342    1943.4    87.2   22.28    3.73    1.35   1.42
    1.00   9978      228,453    2184.5    92.1   23.72    3.79    1.35   1.40
    1.25   9007      187,782    1777.8    95.8   18.55    3.22    1.38   1.35
    1.50   8439      185,271    1752.7    93.4   18.76    3.27    1.41   1.30
    1.75   7682       53,816     438.2    96.3    4.55    1.29    1.44   1.12
    2.00   6908       29,006     190.1    97.4    1.95    0.69    1.43   1.06
    2.50   5787          563     -94.4    99.8   -0.95   -0.75    1.17   0.90
    3.00   4852           29     -99.7   100.0   -1.00   -0.94    0.92   0.78

--- VAL  2025-07-01..2026-05-25  [walk-forward TEST — config accepted on it] ---
   risk%      n       final$      ROI%  maxDD%  ROI/DD  Calmar  Sharpe     PF
    0.10   9909       29,207     192.1    22.3    8.61   10.30    1.84   1.30
    0.20   9909       63,583     535.8    38.2   14.01   17.90    1.81   1.31
    0.25   9891       83,924     739.2    45.4   16.29   21.34    1.80   1.33
    0.30   9858      106,065     960.6    51.0   18.82   25.22    1.82   1.36
    0.50   9369      157,082    1470.8    58.4   25.20   35.08    1.79   1.35
    0.75   8590      162,688    1526.9    69.5   21.97   30.70    1.72   1.29
    1.00   7874      197,105    1871.1    73.5   25.45   36.26    1.74   1.28
    1.25   7315      209,543    1995.4    72.1   27.67   39.67    1.76   1.24
    1.50   6720      246,959    2369.6    77.5   30.59   44.59    1.73   1.25
    1.75   6324      271,399    2614.0    66.9   39.05   57.48    1.72   1.23
    2.00   6058      308,412    2984.1    65.8   45.34   67.64    1.89   1.24
    2.50   4976      368,809    3588.1    67.7   52.96   80.53    2.05   1.26
    3.00   4379      424,689    4146.9    58.8   70.48  108.79    2.31   1.29

--- HOLDOUT  2026-05-25..2026-07-26  [genuinely untouched] ---
   risk%      n       final$      ROI%  maxDD%  ROI/DD  Calmar  Sharpe     PF
    0.10   1408        8,824     -11.8    14.8   -0.79   -3.53   -5.82   0.64
    0.20   1408        7,734     -22.7    28.0   -0.81   -2.78   -5.78   0.64
    0.25   1408        7,178     -28.2    34.4   -0.82   -2.49   -5.84   0.64
    0.30   1402        6,740     -32.6    39.6   -0.82   -2.28   -5.65   0.65
    0.50   1359        5,449     -45.5    56.4   -0.81   -1.72   -4.62   0.67
    0.75   1199        5,271     -47.3    62.0   -0.76   -1.58   -3.10   0.73
    1.00   1098        6,163     -38.4    65.7   -0.58   -1.44   -1.51   0.82
    1.25   1074        4,692     -53.1    72.4   -0.73   -1.37   -1.79   0.77
    1.50   1052        4,059     -59.4    80.5   -0.74   -1.24   -1.44   0.78
    1.75    940        3,481     -65.2    84.8   -0.77   -1.18   -0.84   0.77
    2.00    953        2,669     -73.3    86.4   -0.85   -1.16   -1.33   0.75
    2.50    738        1,628     -83.7    91.1   -0.92   -1.10   -1.47   0.71
    3.00    644        2,531     -74.7    89.9   -0.83   -1.11   -0.38   0.78

--- FULL  2023-06-01..2026-07-26  [mixed] ---
   risk%      n       final$      ROI%  maxDD%  ROI/DD  Calmar  Sharpe     PF
    0.10  22890       62,272     522.7    24.0   21.75    3.27    1.58   1.31
    0.20  22887      144,348    1343.5    44.2   30.39    3.02    1.61   1.36
    0.25  22854      183,608    1736.1    52.1   33.34    2.92    1.56   1.38
    0.30  22786      233,220    2232.2    59.1   37.75    2.90    1.54   1.41
    0.50  22070      342,345    3323.4    77.3   43.01    2.68    1.43   1.39
    0.75  20823      412,566    4025.7    86.9   46.33    2.60    1.32   1.34
    1.00  19195      500,247    4902.5    91.6   53.53    2.69    1.32   1.34
    1.25  17597      442,547    4325.5    95.6   45.26    2.44    1.32   1.28
    1.50  16105      432,151    4221.5    96.7   43.65    2.38    1.37   1.26
    1.75  14416      263,170    2531.7    99.2   25.53    1.84    1.42   1.20
    2.00  12243       68,084     580.8    99.5    5.84    0.84    1.23   1.08
    2.50   9049        3,013     -69.9   100.0   -0.70   -0.32    1.24   0.95
    3.00   8536       19,834      98.3   100.0    0.98    0.24    1.42   1.02

[SWEEP] wrote /Users/lualakol/AutoTrading Bot/risk_study/results/sweep_trunc21.csv  (52 rows)
