[SWEEP] universe universe_chopBOS.parquet  32,929 trades  cost 11.0 bps  taper=scaled

  Loading CHOP data for 277 symbols...
    ... loaded 50/277
    ... loaded 100/277
    ... loaded 150/277
    ... loaded 200/277
    ... loaded 250/277
  Loaded CHOP for 277 symbols

--- DEV  2023-06-01..2025-07-01  [in-sample (walk-forward TRAIN)] ---
   risk%      n       final$      ROI%  maxDD%  ROI/DD  Calmar  Sharpe     PF
    0.10  11584       32,480     224.8    14.6   15.36    5.19    1.79   1.43
    0.20  11580       73,235     632.4    27.9   22.65    5.73    1.77   1.48
    0.25  11561       99,413     894.1    32.7   27.37    6.16    1.74   1.52
    0.30  11538      125,351    1153.5    38.6   29.86    6.12    1.70   1.55
    0.50  11297      213,131    2031.3    56.6   35.92    5.91    1.61   1.54
    0.75  10910      296,208    2862.1    65.4   43.74    6.24    1.50   1.51
    1.00  10362      327,340    3173.4    74.4   42.66    5.83    1.44   1.45
    1.25   9705      397,412    3874.1    78.1   49.63    6.22    1.45   1.48
    1.50   8948      365,384    3553.8    91.0   39.03    5.08    1.47   1.44
    1.75   8650      440,731    4307.3    83.0   51.91    6.21    1.48   1.46
    2.00   8139      424,086    4140.9    88.2   46.97    5.72    1.49   1.41
    2.50   7332      426,196    4162.0    92.4   45.03    5.47    1.49   1.37
    3.00   6672      323,229    3132.3    91.5   34.24    4.70    1.51   1.27

--- VAL  2025-07-01..2026-05-25  [walk-forward TEST — config accepted on it] ---
   risk%      n       final$      ROI%  maxDD%  ROI/DD  Calmar  Sharpe     PF
    0.10   9943       36,645     266.5    16.7   15.99   19.49    2.27   1.41
    0.20   9943       90,175     801.7    28.5   28.13   37.11    2.07   1.48
    0.25   9928      113,325    1033.2    34.3   30.13   40.62    2.03   1.48
    0.30   9931      136,833    1268.3    39.5   32.13   44.12    2.00   1.48
    0.50   9436      221,271    2112.7    44.3   47.67   68.72    1.99   1.51
    0.75   8807      262,068    2520.7    58.3   43.26   63.45    1.88   1.44
    1.00   8100      315,933    3059.3    62.1   49.24   73.65    1.88   1.42
    1.25   7535      405,508    3955.1    57.6   68.71  105.54    2.05   1.44
    1.50   6855      395,689    3856.9    63.0   61.25   93.83    1.99   1.40
    1.75   6410      428,825    4188.3    52.6   79.62  123.02    2.04   1.37
    2.00   6100      482,889    4728.9    44.1  107.32  167.94    2.29   1.36
    2.50   5497      528,649    5186.5    47.9  108.20  170.98    2.54   1.35
    3.00   4749      596,668    5866.7    52.2  112.30  179.80    2.93   1.38

--- HOLDOUT  2026-05-25..2026-07-26  [genuinely untouched] ---
   risk%      n       final$      ROI%  maxDD%  ROI/DD  Calmar  Sharpe     PF
    0.10   2056        8,249     -17.5    20.0   -0.88   -3.39   -8.64   0.58
    0.20   2056        6,619     -33.8    37.6   -0.90   -2.42   -8.88   0.58
    0.25   2056        5,925     -40.7    44.9   -0.91   -2.12   -8.81   0.59
    0.30   2048        5,399     -46.0    50.5   -0.91   -1.93   -8.52   0.60
    0.50   2005        3,576     -64.2    69.8   -0.92   -1.43   -7.64   0.63
    0.75   1918        2,791     -72.1    78.6   -0.92   -1.27   -6.17   0.68
    1.00   1741        3,389     -66.1    80.5   -0.82   -1.24   -2.95   0.79
    1.25   1678        1,720     -82.8    88.7   -0.93   -1.13   -5.02   0.72
    1.50   1518        2,015     -79.8    87.4   -0.91   -1.14   -3.27   0.76
    1.75   1492        2,016     -79.8    89.4   -0.89   -1.12   -2.30   0.80
    2.00   1363        1,512     -84.9    91.9   -0.92   -1.09   -1.89   0.79
    2.50   1141          832     -91.7    94.9   -0.97   -1.05   -2.04   0.75
    3.00    974          884     -91.2    95.5   -0.95   -1.05   -0.59   0.79

--- FULL  2023-06-01..2026-07-26  [mixed] ---
   risk%      n       final$      ROI%  maxDD%  ROI/DD  Calmar  Sharpe     PF
    0.10  23670       77,516     675.2    15.7   42.98    5.83    1.83   1.41
    0.20  23666      174,867    1648.7    29.8   55.35    4.97    1.86   1.45
    0.25  23640      228,647    2186.5    35.3   61.97    4.82    1.81   1.48
    0.30  23583      284,943    2749.4    40.9   67.20    4.63    1.75   1.50
    0.50  23005      457,385    4473.9    59.6   75.04    3.97    1.61   1.49
    0.75  21867      579,466    5694.7    68.2   83.46    3.85    1.49   1.44
    1.00  20558      715,434    7054.3    72.9   96.72    3.94    1.40   1.43
    1.25  19228      828,630    8186.3    75.0  109.14    4.08    1.40   1.42
    1.50  17815      842,936    8329.4    83.7   99.56    3.69    1.36   1.40
    1.75  16821      899,632    8896.3    88.3  100.75    3.59    1.41   1.38
    2.00  16007      868,375    8583.7    81.3  105.63    3.84    1.38   1.34
    2.50  14131    1,048,439   10384.4    87.3  118.91    3.87    1.37   1.35
    3.00  12553      980,172    9701.7    96.9  100.10    3.39    1.40   1.34

[SWEEP] wrote /Users/lualakol/AutoTrading Bot/risk_study/results/sweep_cost0.0011.csv  (52 rows)
