[SWEEP] universe uni_global_rr10_am3.parquet  45,592 trades  cost 24.2 bps  exit=legacy  start=$1,500  taper=scaled

  Loading CHOP data for 275 symbols...
    ... loaded 50/275
    ... loaded 100/275
    ... loaded 150/275
    ... loaded 200/275
    ... loaded 250/275
  Loaded CHOP for 275 symbols

--- DEV  2023-06-01..2025-07-01  [in-sample (walk-forward TRAIN)] ---
   risk%      n       final$      ROI%  maxDD%  ROI/DD  Calmar  Sharpe     PF
    0.10   9778        1,545       3.0    41.2    0.07    0.03    0.15   1.01
    0.20   9388        1,352      -9.8    68.6   -0.14   -0.07    0.11   0.99
    0.25   9032        2,495      66.3    67.6    0.98    0.41    0.57   1.06
    0.30   8567        3,497     133.1    69.6    1.91    0.72    0.78   1.10
    0.50   6309        2,225      48.3    81.5    0.59    0.26    0.50   1.03
    0.75   5346          380     -74.7    91.4   -0.82   -0.53    0.06   0.89
    1.00   3995        1,505       0.4    89.0    0.00    0.00    0.47   1.00
    1.25   4088          321     -78.6    94.1   -0.83   -0.56    0.04   0.90
    1.50   3341          446     -70.3    92.9   -0.76   -0.48    0.27   0.93
    1.75   3019          929     -38.0    89.9   -0.42   -0.23    0.49   0.97
    2.00   2492          423     -71.8    97.0   -0.74   -0.47    0.55   0.93
    2.50   1897          737     -50.9    96.5   -0.53   -0.30    0.71   0.95
    3.00   1757           87     -94.2    99.3   -0.95   -0.75    0.29   0.79

--- VAL  2025-07-01..2026-05-25  [walk-forward TEST — config accepted on it] ---
   risk%      n       final$      ROI%  maxDD%  ROI/DD  Calmar  Sharpe     PF
    0.10   7885        1,418      -5.5    43.3   -0.13   -0.14    0.14   0.98
    0.20   7685        1,403      -6.4    65.6   -0.10   -0.11    0.38   0.99
    0.25   7518        1,824      21.6    69.8    0.31    0.35    0.62   1.03
    0.30   7138        2,228      48.5    77.9    0.62    0.71    0.75   1.05
    0.50   5912        1,926      28.4    85.1    0.33    0.38    0.81   1.02
    0.75   3734        4,801     220.1    86.5    2.54    3.07    0.99   1.17
    1.00   3103        7,419     394.6    85.6    4.61    5.76    1.10   1.15
    1.25   2194        8,997     499.8    87.0    5.75    7.30    1.10   1.25
    1.50   1710        8,564     471.0    94.1    5.01    6.33    1.25   1.16
    1.75   1612        4,993     232.8    93.1    2.50    3.02    1.29   1.25
    2.00   1421       24,093    1506.2    78.3   19.23   26.83    1.39   1.45
    2.50   1208        3,847     156.4    87.1    1.80    2.13    1.25   1.09
    3.00   1060       14,313     854.2    74.2   11.52   15.27    1.34   1.21

--- HOLDOUT  2026-05-25..2026-07-26  [genuinely untouched] ---
   risk%      n       final$      ROI%  maxDD%  ROI/DD  Calmar  Sharpe     PF
    0.10   1977        1,086     -27.6    27.6   -1.00   -3.08  -19.53   0.28
    0.20   1969          796     -46.9    46.9   -1.00   -2.08  -19.88   0.30
    0.25   1959          683     -54.5    54.5   -1.00   -1.82  -20.50   0.31
    0.30   1939          592     -60.5    60.7   -1.00   -1.64  -20.45   0.32
    0.50   1824          436     -71.0    71.4   -0.99   -1.40  -13.69   0.43
    0.75   1692          289     -80.7    81.7   -0.99   -1.22  -10.02   0.49
    1.00   1578          196     -86.9    88.6   -0.98   -1.13   -9.34   0.50
    1.25   1304          217     -85.5    85.5   -1.00   -1.17   -6.68   0.55
    1.50   1186          267     -82.2    82.2   -1.00   -1.22   -4.01   0.62
    1.75   1020          220     -85.3    86.0   -0.99   -1.16   -6.12   0.59
    2.00    831          291     -80.6    80.6   -1.00   -1.24   -3.81   0.63
    2.50    536          409     -72.7    79.8   -0.91   -1.25   -1.83   0.67
    3.00    504          432     -71.2    83.6   -0.85   -1.20   -1.56   0.67
