[SWEEP] universe universe_trail.parquet  32,913 trades  cost 24.2 bps  exit=fixed  start=$1,500  taper=scaled

  Loading CHOP data for 277 symbols...
    ... loaded 50/277
    ... loaded 100/277
    ... loaded 150/277
    ... loaded 200/277
    ... loaded 250/277
  Loaded CHOP for 277 symbols

--- DEV  2023-06-01..2025-07-01  [in-sample (walk-forward TRAIN)] ---
   risk%      n       final$      ROI%  maxDD%  ROI/DD  Calmar  Sharpe     PF
    0.10  11552        6,084     305.6    31.7    9.65    3.03    1.48   1.35
    0.20  11480       16,005     967.0    54.6   17.71    3.87    1.49   1.38
    0.25  11394       22,035    1369.0    63.4   21.60    4.15    1.50   1.39
    0.30  11303       25,046    1569.7    70.5   22.25    4.06    1.46   1.35
    0.50  10819       40,901    2626.7    84.4   31.12    4.60    1.44   1.31
    0.75  10005       83,933    5495.5    87.8   62.56    6.72    1.54   1.37
    1.00   9115       49,569    3204.6    95.5   33.57    4.57    1.48   1.28
    1.25   8205       12,062     704.1    97.1    7.25    1.77    1.30   1.10
    1.50   7668       21,108    1307.2    97.4   13.42    2.63    1.53   1.12
    1.75   7022        2,428      61.9    98.3    0.63    0.26    1.28   1.02
    2.00   6375          246     -83.6    99.5   -0.84   -0.58    1.05   0.91
    2.50   5272          259     -82.7    99.7   -0.83   -0.57    1.17   0.92
    3.00   3835            1     -99.9   100.0   -1.00   -0.97    0.50   0.83

--- VAL  2025-07-01..2026-05-25  [walk-forward TEST — config accepted on it] ---
   risk%      n       final$      ROI%  maxDD%  ROI/DD  Calmar  Sharpe     PF
    0.10   9902        6,387     325.8    30.1   10.81   13.34    1.82   1.26
    0.20   9837       14,824     888.3    49.2   18.06   24.04    1.82   1.22
    0.25   9751       18,732    1148.8    54.6   21.05   28.65    1.82   1.20
    0.30   9585       21,764    1350.9    57.7   23.43   32.36    1.82   1.19
    0.50   8950       38,372    2458.1    62.4   39.41   57.66    1.90   1.16
    0.75   8232       52,961    3430.7    70.1   48.93   74.06    2.05   1.16
    1.00   7345       98,881    6492.1    68.9   94.29  152.60    2.17   1.21
    1.25   6893      173,471   11464.8    68.0  168.53  290.12    2.25   1.28
    1.50   6304      187,036   12369.1    66.3  186.46  323.65    2.20   1.26
    1.75   5795      230,269   15251.3    73.2  208.41  370.19    1.85   1.29
    2.00   5432      266,287   17652.4    77.1  228.87  413.17    2.39   1.29
    2.50   4525      317,294   21052.9    62.5  336.70  619.82    2.19   1.28
    3.00   3884       62,167    4044.5    92.2   43.85   67.51    2.24   1.07

--- HOLDOUT  2026-05-25..2026-07-26  [genuinely untouched] ---
   risk%      n       final$      ROI%  maxDD%  ROI/DD  Calmar  Sharpe     PF
    0.10   2064        1,086     -27.6    29.7   -0.93   -2.87  -10.44   0.53
    0.20   2064          784     -47.7    50.6   -0.94   -1.93  -10.11   0.55
    0.25   2045          680     -54.6    58.4   -0.93   -1.69   -9.40   0.57
    0.30   2028          613     -59.2    64.2   -0.92   -1.55   -8.18   0.59
    0.50   1967          402     -73.2    77.6   -0.94   -1.29   -7.21   0.64
    0.75   1797          354     -76.4    84.1   -0.91   -1.19   -4.24   0.72
    1.00   1590          266     -82.3    90.3   -0.91   -1.11   -3.34   0.72
    1.25   1546          175     -88.3    92.4   -0.96   -1.08   -3.64   0.73
    1.50   1164          214     -85.7    96.1   -0.89   -1.04   -0.38   0.73
    1.75   1263           87     -94.2    96.0   -0.98   -1.04   -2.98   0.71
    2.00   1171           90     -94.0    95.9   -0.98   -1.04   -2.85   0.74
    2.50   1081           39     -97.4    97.8   -1.00   -1.02   -4.69   0.66
    3.00    811           57     -96.2    98.0   -0.98   -1.02   -2.95   0.73

--- FULL  2023-06-01..2026-07-26  [mixed] ---
   risk%      n       final$      ROI%  maxDD%  ROI/DD  Calmar  Sharpe     PF
    0.10  23495       16,844    1022.9    31.4   32.58    3.68    1.50   1.22
    0.20  23432       71,844    4689.6    54.3   86.44    4.45    1.59   1.27
    0.25  23330      108,009    7100.6    63.0  112.68    4.58    1.55   1.31
    0.30  23180      132,605    8740.3    70.2  124.51    4.48    1.52   1.31
    0.50  22287      217,694   14412.9    83.6  172.37    4.61    1.57   1.32
    0.75  20805      249,149   16509.9    87.9  187.93    4.63    1.51   1.27
    1.00  19124      235,103   15573.5    95.1  163.70    4.18    1.51   1.23
    1.25  17307      212,565   14071.0    97.0  145.02    3.93    1.49   1.20
    1.50  16226      262,690   17412.6    97.1  179.38    4.28    1.54   1.21
    1.75  15376      283,460   18797.4    97.1  193.61    4.41    1.60   1.19
    2.00  12456        2,198      46.5    99.3    0.47    0.13    1.40   1.00
    2.50  10934      131,531    8668.7    98.5   87.97    3.18    1.57   1.14
    3.00   7960          294     -80.4    99.8   -0.81   -0.40    1.49   0.99

[SWEEP] wrote /Users/lualakol/AutoTrading Bot/risk_study/results/sweep_LIVEEXACT_fixed.csv  (52 rows)
