[SWEEP] universe uni_global_rr8_am2.parquet  46,887 trades  cost 24.2 bps  exit=legacy  start=$1,500  taper=scaled

  Loading CHOP data for 275 symbols...
    ... loaded 50/275
    ... loaded 100/275
    ... loaded 150/275
    ... loaded 200/275
    ... loaded 250/275
  Loaded CHOP for 275 symbols

--- DEV  2023-06-01..2025-07-01  [in-sample (walk-forward TRAIN)] ---
   risk%      n       final$      ROI%  maxDD%  ROI/DD  Calmar  Sharpe     PF
    0.10  14267        3,255     117.0    36.9    3.17    1.22    0.96   1.16
    0.20  13861        3,392     126.1    58.6    2.15    0.82    0.76   1.09
    0.25  13578        3,051     103.4    66.8    1.55    0.61    0.69   1.06
    0.30  13201        2,563      70.9    72.2    0.98    0.41    0.62   1.04
    0.50  12307        1,542       2.8    75.1    0.04    0.02    0.48   1.00
    0.75  10820        3,698     146.5    72.2    2.03    0.75    0.86   1.03
    1.00   9372        5,041     236.1    80.9    2.92    0.98    1.01   1.04
    1.25   8256        5,770     284.7    82.9    3.43    1.10    1.05   1.04
    1.50   7347        2,747      83.2    92.3    0.90    0.37    1.00   1.01
    1.75   6889        1,294     -13.7    92.9   -0.15   -0.07    1.04   1.00
    2.00   5635          675     -55.0    95.3   -0.58   -0.33    0.95   0.98
    2.50   4409          177     -88.2    97.4   -0.91   -0.66    0.81   0.95
    3.00   3762           41     -97.3    99.7   -0.98   -0.83    0.66   0.93

--- VAL  2025-07-01..2026-05-25  [walk-forward TEST — config accepted on it] ---
   risk%      n       final$      ROI%  maxDD%  ROI/DD  Calmar  Sharpe     PF
    0.10  11848        1,639       9.3    33.1    0.28    0.31    0.40   1.02
    0.20  11470        1,974      31.6    50.6    0.62    0.71    0.65   1.04
    0.25  11276        2,250      50.0    58.4    0.86    0.98    0.75   1.04
    0.30  11071        2,280      52.0    60.2    0.86    0.99    0.78   1.04
    0.50  10068        1,903      26.9    76.5    0.35    0.40    0.84   1.01
    0.75   8676        1,677      11.8    82.9    0.14    0.16    0.94   1.00
    1.00   7593        2,456      63.8    81.9    0.78    0.89    1.08   1.02
    1.25   6215        2,915      94.3    88.5    1.07    1.24    1.31   1.03
    1.50   5283        2,561      70.8    91.5    0.77    0.89    1.21   1.02
    1.75   5142        9,097     506.4    89.2    5.68    7.22    1.39   1.08
    2.00   4137        5,716     281.1    88.4    3.18    3.89    1.13   1.03
    2.50   3268        1,642       9.5    93.7    0.10    0.11    1.28   1.00
    3.00   3255       13,496     799.7    90.5    8.84   11.66    1.46   1.04

--- HOLDOUT  2026-05-25..2026-07-26  [genuinely untouched] ---
   risk%      n       final$      ROI%  maxDD%  ROI/DD  Calmar  Sharpe     PF
    0.10   2496        1,142     -23.9    27.4   -0.87   -2.92   -9.14   0.51
    0.20   2469          890     -40.7    46.0   -0.88   -2.07   -8.04   0.54
    0.25   2444          801     -46.6    52.5   -0.89   -1.86   -7.31   0.56
    0.30   2419          744     -50.4    56.9   -0.89   -1.73   -6.51   0.59
    0.50   2347          571     -61.9    70.6   -0.88   -1.41   -4.77   0.66
    0.75   2089          475     -68.3    76.6   -0.89   -1.30   -3.23   0.73
    1.00   1965          364     -75.8    83.8   -0.90   -1.19   -3.01   0.74
    1.25   1973          246     -83.6    89.3   -0.94   -1.12   -3.44   0.73
    1.50   1873          153     -89.8    93.3   -0.96   -1.07   -4.24   0.72
    1.75   1580          119     -92.1    94.3   -0.98   -1.06   -4.13   0.67
    2.00   1469          159     -89.4    93.3   -0.96   -1.07   -2.60   0.75
    2.50   1200          113     -92.5    95.1   -0.97   -1.05   -3.01   0.75
    3.00   1063           73     -95.2    97.1   -0.98   -1.03   -2.15   0.76

--- FULL  2023-06-01..2026-07-26  [mixed] ---
   risk%      n       final$      ROI%  maxDD%  ROI/DD  Calmar  Sharpe     PF
    0.10  28486        3,199     113.3    38.5    2.94    0.71    0.69   1.07
    0.20  27738        3,392     126.1    58.6    2.15    0.50    0.64   1.04
    0.25  27208        3,300     120.0    67.0    1.79    0.42    0.63   1.03
    0.30  26686        1,981      32.1    72.2    0.44    0.13    0.52   1.01
    0.50  24779        2,279      51.9    79.5    0.65    0.18    0.64   1.01
    0.75  22860        4,498     199.9    86.3    2.32    0.48    0.85   1.01
    1.00  17064          672     -55.2    96.7   -0.57   -0.23    0.77   0.99
    1.25  18699       18,146    1109.7    83.6   13.27    1.44    1.18   1.03
    1.50  14713        1,848      23.2    97.4    0.24    0.07    0.91   1.00
    1.75  11930           21     -98.6    99.4   -0.99   -0.75    0.75   0.97
    2.00  10679           34     -97.7    98.9   -0.99   -0.71    0.82   0.98
    2.50   8303          144     -90.4    96.3   -0.94   -0.55    1.07   0.97
    3.00   6560           27     -98.2    99.6   -0.99   -0.72    1.02   0.92

[SWEEP] wrote /Users/lualakol/AutoTrading Bot/risk_study/results/sweep_GLOBAL_rr8_am2.csv  (52 rows)
