[SWEEP] universe universe_chopBOS.parquet  32,929 trades  cost 25.0 bps  taper=scaled

  Loading CHOP data for 277 symbols...
    ... loaded 50/277
    ... loaded 100/277
    ... loaded 150/277
    ... loaded 200/277
    ... loaded 250/277
  Loaded CHOP for 277 symbols

--- DEV  2023-06-01..2025-07-01  [in-sample (walk-forward TRAIN)] ---
   risk%      n       final$      ROI%  maxDD%  ROI/DD  Calmar  Sharpe     PF
    0.10  11584       24,734     147.3    24.2    6.10    2.25    1.38   1.30
    0.20  11580       51,038     410.4    44.3    9.26    2.68    1.40   1.35
    0.25  11556       69,179     591.8    51.8   11.43    2.95    1.41   1.38
    0.30  11512       86,264     762.6    59.7   12.77    3.04    1.39   1.40
    0.50  11190      148,140    1381.4    78.6   17.57    3.37    1.37   1.44
    0.75  10723      201,928    1919.3    87.6   21.91    3.69    1.34   1.42
    1.00  10152      208,700    1987.0    89.3   22.25    3.69    1.33   1.36
    1.25   8841      109,352     993.5    95.8   10.38    2.25    1.32   1.26
    1.50   7862       23,335     133.4    97.5    1.37    0.51    1.26   1.05
    1.75   7493       67,776     577.8    96.9    5.96    1.55    1.50   1.16
    2.00   6708        2,467     -75.3    98.9   -0.76   -0.49    1.17   0.95
    2.50   5763        1,299     -87.0    99.2   -0.88   -0.63    1.24   0.95
    3.00   4673           33     -99.7   100.0   -1.00   -0.94    0.92   0.80

--- VAL  2025-07-01..2026-05-25  [walk-forward TEST — config accepted on it] ---
   risk%      n       final$      ROI%  maxDD%  ROI/DD  Calmar  Sharpe     PF
    0.10   9943       27,779     177.8    22.4    7.95    9.48    1.77   1.28
    0.20   9943       60,395     504.0    37.1   13.57   17.25    1.77   1.30
    0.25   9926       75,327     653.3    43.9   14.88   19.31    1.74   1.30
    0.30   9914      100,338     903.4    49.3   18.31   24.40    1.80   1.34
    0.50   9389      155,446    1454.5    59.5   24.46   34.02    1.78   1.35
    0.75   8591      166,353    1563.5    71.5   21.88   30.64    1.72   1.30
    1.00   7900      187,833    1778.3    74.3   23.92   33.91    1.71   1.27
    1.25   7361      225,476    2154.8    69.9   30.84   44.54    1.82   1.25
    1.50   6775      240,484    2304.8    69.8   33.02   48.00    1.82   1.24
    1.75   6246      228,627    2186.3    67.8   32.23   46.61    1.79   1.22
    2.00   5860      292,148    2821.5    52.7   53.53   79.42    1.81   1.23
    2.50   4765      332,414    3224.1    62.4   51.69   77.73    1.81   1.25
    3.00   4474      412,954    4029.5    68.2   59.05   90.87    2.05   1.26

--- HOLDOUT  2026-05-25..2026-07-26  [genuinely untouched] ---
   risk%      n       final$      ROI%  maxDD%  ROI/DD  Calmar  Sharpe     PF
    0.10   2056        7,891     -21.1    22.8   -0.92   -3.30  -10.50   0.53
    0.20   2056        6,019     -39.8    42.3   -0.94   -2.24  -10.71   0.54
    0.25   2056        5,241     -47.6    50.3   -0.95   -1.95  -10.70   0.54
    0.30   2047        4,603     -54.0    56.7   -0.95   -1.74  -10.40   0.55
    0.50   2005        2,734     -72.7    75.9   -0.96   -1.32   -9.24   0.58
    0.75   1921        1,888     -81.1    84.6   -0.96   -1.18   -7.58   0.63
    1.00   1703        1,990     -80.1    87.3   -0.92   -1.15   -4.34   0.71
    1.25   1632        1,492     -85.1    90.2   -0.94   -1.11   -4.84   0.72
    1.50   1474        1,193     -88.1    92.0   -0.96   -1.09   -3.99   0.72
    1.75   1435        1,093     -89.1    94.0   -0.95   -1.06   -3.16   0.76
    2.00   1421          592     -94.1    96.2   -0.98   -1.04   -3.20   0.73
    2.50   1127          586     -94.1    96.6   -0.97   -1.04   -1.69   0.74
    3.00    992          279     -97.2    98.0   -0.99   -1.02   -3.37   0.68

--- FULL  2023-06-01..2026-07-26  [mixed] ---
   risk%      n       final$      ROI%  maxDD%  ROI/DD  Calmar  Sharpe     PF
    0.10  23670       50,902     409.0    25.2   16.22    2.68    1.43   1.25
    0.20  23666      121,323    1113.2    46.3   24.02    2.61    1.47   1.31
    0.25  23634      159,330    1493.3    54.2   27.58    2.60    1.47   1.33
    0.30  23561      203,594    1935.9    61.8   31.32    2.59    1.47   1.35
    0.50  22846      308,568    2985.7    79.8   37.41    2.47    1.37   1.35
    0.75  21584      379,486    3694.9    87.7   42.15    2.48    1.28   1.32
    1.00  20006      445,776    4357.8    89.1   48.89    2.62    1.28   1.30
    1.25  18070      387,250    3772.5    97.3   38.77    2.25    1.26   1.26
    1.50  16828      312,171    3021.7    97.1   31.11    2.04    1.29   1.19
    1.75  14765      169,246    1592.5    98.3   16.20    1.48    1.35   1.14
    2.00  14348      228,439    2184.4    98.0   22.30    1.73    1.48   1.14
    2.50  10200       55,691     456.9    99.8    4.58    0.73    1.46   1.08
    3.00   8518           62     -99.4   100.0   -0.99   -0.80    1.23   0.93

[SWEEP] wrote /Users/lualakol/AutoTrading Bot/risk_study/results/sweep_cost0.0025.csv  (52 rows)
