[SWEEP] universe universe_chopBOS.parquet  32,929 trades  cost 24.2 bps  taper=scaled

  Loading CHOP data for 277 symbols...
    ... loaded 50/277
    ... loaded 100/277
    ... loaded 150/277
    ... loaded 200/277
    ... loaded 250/277
  Loaded CHOP for 277 symbols

--- DEV  2023-06-01..2025-07-01  [in-sample (walk-forward TRAIN)] ---
   risk%      n       final$      ROI%  maxDD%  ROI/DD  Calmar  Sharpe     PF
    0.10  11543       28,359     183.6    24.0    7.66    2.71    1.51   1.35
    0.20  11539       62,227     522.3    44.2   11.81    3.18    1.50   1.41
    0.25  11518       80,945     709.5    51.9   13.66    3.33    1.48   1.43
    0.30  11468      107,860     978.6    59.1   16.55    3.60    1.49   1.49
    0.50  11150      164,296    1543.0    78.2   19.74    3.62    1.41   1.48
    0.75  10710      204,342    1943.4    87.2   22.28    3.73    1.35   1.42
    1.00   9978      228,453    2184.5    92.1   23.72    3.79    1.35   1.40
    1.25   9007      187,782    1777.8    95.8   18.55    3.22    1.38   1.35
    1.50   8439      185,271    1752.7    93.4   18.76    3.27    1.41   1.30
    1.75   7682       53,816     438.2    96.3    4.55    1.29    1.44   1.12
    2.00   6908       29,006     190.1    97.4    1.95    0.69    1.43   1.06
    2.50   5787          563     -94.4    99.8   -0.95   -0.75    1.17   0.90
    3.00   4852           29     -99.7   100.0   -1.00   -0.94    0.92   0.78

--- VAL  2025-07-01..2026-05-25  [walk-forward TEST — config accepted on it] ---
   risk%      n       final$      ROI%  maxDD%  ROI/DD  Calmar  Sharpe     PF
    0.10   9909       29,207     192.1    22.3    8.61   10.30    1.84   1.30
    0.20   9909       63,583     535.8    38.2   14.01   17.90    1.81   1.31
    0.25   9891       83,924     739.2    45.4   16.29   21.34    1.80   1.33
    0.30   9858      106,065     960.6    51.0   18.82   25.22    1.82   1.36
    0.50   9369      157,082    1470.8    58.4   25.20   35.08    1.79   1.35
    0.75   8590      162,688    1526.9    69.5   21.97   30.70    1.72   1.29
    1.00   7874      197,105    1871.1    73.5   25.45   36.26    1.74   1.28
    1.25   7315      209,543    1995.4    72.1   27.67   39.67    1.76   1.24
    1.50   6720      246,959    2369.6    77.5   30.59   44.59    1.73   1.25
    1.75   6324      271,399    2614.0    66.9   39.05   57.48    1.72   1.23
    2.00   6058      308,412    2984.1    65.8   45.34   67.64    1.89   1.24
    2.50   4976      368,809    3588.1    67.7   52.96   80.53    2.05   1.26
    3.00   4379      424,689    4146.9    58.8   70.48  108.79    2.31   1.29

--- HOLDOUT  2026-05-25..2026-07-26  [genuinely untouched] ---
   risk%      n       final$      ROI%  maxDD%  ROI/DD  Calmar  Sharpe     PF
    0.10   2054        7,841     -21.6    23.3   -0.93   -3.26  -10.71   0.52
    0.20   2054        5,948     -40.5    43.0   -0.94   -2.21  -10.89   0.53
    0.25   2054        5,177     -48.2    50.9   -0.95   -1.92  -10.87   0.54
    0.30   2045        4,525     -54.8    57.5   -0.95   -1.72  -10.58   0.55
    0.50   2003        2,654     -73.5    76.7   -0.96   -1.30   -9.36   0.58
    0.75   1875        2,008     -79.9    84.2   -0.95   -1.19   -6.96   0.65
    1.00   1674        1,895     -81.1    88.3   -0.92   -1.13   -4.85   0.70
    1.25   1585        1,119     -88.8    92.2   -0.96   -1.08   -6.02   0.68
    1.50   1496        1,035     -89.7    93.1   -0.96   -1.07   -4.26   0.71
    1.75   1427          926     -90.7    94.9   -0.96   -1.05   -3.34   0.74
    2.00   1403          467     -95.3    97.0   -0.98   -1.03   -3.72   0.71
    2.50   1089          327     -96.7    98.1   -0.99   -1.02   -1.64   0.72
    3.00    973          266     -97.3    98.3   -0.99   -1.02   -2.39   0.70

--- FULL  2023-06-01..2026-07-26  [mixed] ---
   risk%      n       final$      ROI%  maxDD%  ROI/DD  Calmar  Sharpe     PF
    0.10  23553       58,757     487.6    23.9   20.40    3.16    1.53   1.29
    0.20  23549      137,071    1270.7    44.1   28.82    2.94    1.57   1.34
    0.25  23517      176,659    1666.6    51.9   32.12    2.87    1.54   1.35
    0.30  23446      223,928    2139.3    58.9   36.33    2.86    1.52   1.38
    0.50  22730      329,903    3199.0    78.0   40.99    2.60    1.40   1.37
    0.75  21449      386,773    3767.7    87.4   43.10    2.50    1.29   1.32
    1.00  19928      431,154    4211.5    88.8   47.40    2.59    1.28   1.29
    1.25  17967      327,231    3172.3    97.4   32.59    2.08    1.27   1.22
    1.50  16514      329,898    3199.0    96.9   33.00    2.10    1.34   1.21
    1.75  15608      352,154    3421.5    97.4   35.12    2.15    1.39   1.21
    2.00  14265      260,042    2500.4    98.1   25.50    1.85    1.45   1.16
    2.50   9758          385     -96.2    99.8   -0.96   -0.65    1.16   0.95
    3.00   8676        1,122     -88.8    99.9   -0.89   -0.50    1.50   0.97

[SWEEP] wrote /Users/lualakol/AutoTrading Bot/risk_study/results/sweep_measured24.csv  (52 rows)
