[SWEEP] universe universe_chopBOS.parquet  32,929 trades  cost 45.0 bps  taper=scaled

  Loading CHOP data for 277 symbols...
    ... loaded 50/277
    ... loaded 100/277
    ... loaded 150/277
    ... loaded 200/277
    ... loaded 250/277
  Loaded CHOP for 277 symbols

--- DEV  2023-06-01..2025-07-01  [in-sample (walk-forward TRAIN)] ---
   risk%      n       final$      ROI%  maxDD%  ROI/DD  Calmar  Sharpe     PF
    0.10  11584       16,904      69.0    36.9    1.87    0.78    0.82   1.15
    0.20  11563       24,216     142.2    62.7    2.27    0.84    0.84   1.15
    0.25  11518       31,583     215.8    72.1    3.00    1.02    0.91   1.18
    0.30  11417       33,717     237.2    79.9    2.97    0.99    0.92   1.17
    0.50  10887       25,461     154.6    92.9    1.66    0.61    0.85   1.09
    0.75   9952       24,832     148.3    96.7    1.53    0.57    0.95   1.07
    1.00   8955        6,750     -32.5    98.9   -0.33   -0.17    0.87   0.98
    1.25   8079          456     -95.4    99.7   -0.96   -0.78    0.63   0.82
    1.50   7474          606     -93.9    99.8   -0.94   -0.74    0.87   0.84
    1.75   6842          126     -98.7    99.9   -0.99   -0.88    0.79   0.79
    2.00   6158            7     -99.9   100.0   -1.00   -0.97    0.53   0.77
    2.50   5508            3    -100.0   100.0   -1.00   -0.98    0.87   0.79
    3.00   3153            1    -100.0   100.0   -1.00   -0.99    0.33   0.70

--- VAL  2025-07-01..2026-05-25  [walk-forward TEST — config accepted on it] ---
   risk%      n       final$      ROI%  maxDD%  ROI/DD  Calmar  Sharpe     PF
    0.10   9943       17,672      76.7    34.6    2.22    2.56    1.10   1.13
    0.20   9943       27,920     179.2    52.0    3.45    4.11    1.18   1.12
    0.25   9922       31,520     215.2    55.8    3.86    4.64    1.21   1.11
    0.30   9899       40,654     306.5    61.9    4.95    6.08    1.32   1.13
    0.50   9198       53,468     434.7    70.9    6.13    7.71    1.40   1.13
    0.75   8273       20,328     103.3    84.0    1.23    1.43    1.20   1.03
    1.00   7272       19,706      97.1    87.5    1.11    1.29    1.33   1.02
    1.25   6592       27,121     171.2    92.1    1.86    2.21    1.58   1.03
    1.50   5913        6,656     -33.4    94.2   -0.35   -0.39    1.52   0.99
    1.75   5939       62,880     528.8    90.5    5.84    7.45    1.80   1.07
