[SWEEP] universe universe_chopBOS.parquet  32,929 trades  cost 18.0 bps  taper=scaled

  Loading CHOP data for 277 symbols...
    ... loaded 50/277
    ... loaded 100/277
    ... loaded 150/277
    ... loaded 200/277
    ... loaded 250/277
  Loaded CHOP for 277 symbols

--- DEV  2023-06-01..2025-07-01  [in-sample (walk-forward TRAIN)] ---
   risk%      n       final$      ROI%  maxDD%  ROI/DD  Calmar  Sharpe     PF
    0.10  11584       28,465     184.6    19.4    9.50    3.36    1.59   1.36
    0.20  11580       62,634     526.3    36.2   14.53    3.90    1.58   1.41
    0.25  11561       82,730     727.3    43.9   16.56    4.00    1.57   1.44
    0.30  11529      106,106     961.1    50.4   19.06    4.18    1.54   1.47
    0.50  11277      190,925    1809.2    68.7   26.32    4.54    1.49   1.52
    0.75  10846      254,526    2445.3    77.7   31.46    4.80    1.44   1.47
    1.00  10282      286,630    2766.3    81.7   33.84    4.90    1.38   1.41
    1.25   9589      348,392    3383.9    83.9   40.33    5.36    1.45   1.43
    1.50   8764      296,167    2861.7    92.4   30.98    4.42    1.46   1.41
    1.75   8587      387,136    3771.4    86.1   43.78    5.55    1.47   1.39
    2.00   7517      245,559    2355.6    95.2   24.75    3.83    1.49   1.35
    2.50   6980      211,049    2010.5    95.8   20.98    3.47    1.61   1.26
    3.00   5116          154     -98.5    99.9   -0.99   -0.87    1.14   0.86

--- VAL  2025-07-01..2026-05-25  [walk-forward TEST — config accepted on it] ---
   risk%      n       final$      ROI%  maxDD%  ROI/DD  Calmar  Sharpe     PF
    0.10   9943       31,691     216.9    19.6   11.09   13.36    2.04   1.34
    0.20   9943       72,108     621.1    32.8   18.94   24.48    1.91   1.37
    0.25   9927       98,376     883.8    38.5   22.93   30.50    1.90   1.40
    0.30   9930      118,996    1090.0    44.2   24.68   33.43    1.90   1.41
    0.50   9422      197,043    1870.4    53.0   35.31   50.29    1.88   1.45
    0.75   8696      196,173    1861.7    66.1   28.17   40.11    1.76   1.34
    1.00   8029      222,077    2120.8    74.7   28.39   40.94    1.75   1.31
    1.25   7371      339,538    3295.4    59.6   55.30   83.35    1.93   1.37
    1.50   6829      328,296    3183.0    63.2   50.33   75.58    1.84   1.32
    1.75   6382      305,603    2956.0    72.2   40.94   61.03    1.91   1.28
    2.00   5998      419,934    4099.3    54.4   75.36  116.18    2.21   1.31
    2.50   5178      468,501    4585.0    48.2   95.22  148.52    2.64   1.33
    3.00   4608      469,087    4590.9    64.4   71.24  111.14    1.91   1.32

--- HOLDOUT  2026-05-25..2026-07-26  [genuinely untouched] ---
   risk%      n       final$      ROI%  maxDD%  ROI/DD  Calmar  Sharpe     PF
    0.10   2056        8,072     -19.3    21.4   -0.90   -3.35   -9.57   0.55
    0.20   2056        6,316     -36.8    40.0   -0.92   -2.33   -9.78   0.56
    0.25   2056        5,577     -44.2    47.6   -0.93   -2.03   -9.76   0.57
    0.30   2048        5,014     -49.9    53.4   -0.93   -1.84   -9.48   0.58
    0.50   2005        3,134     -68.7    73.0   -0.94   -1.37   -8.43   0.60
    0.75   1893        2,260     -77.4    82.3   -0.94   -1.22   -6.85   0.65
    1.00   1732        2,687     -73.1    82.7   -0.88   -1.21   -3.63   0.75
    1.25   1636        1,881     -81.2    88.1   -0.92   -1.13   -4.28   0.74
    1.50   1505        1,852     -81.5    88.0   -0.93   -1.14   -3.32   0.76
    1.75   1412        1,409     -85.9    91.4   -0.94   -1.09   -2.66   0.76
    2.00   1447          930     -90.7    93.6   -0.97   -1.07   -2.41   0.73
    2.50   1159          614     -93.9    96.0   -0.98   -1.04   -2.15   0.73
    3.00    983          538     -94.6    97.5   -0.97   -1.03   -2.18   0.76

--- FULL  2023-06-01..2026-07-26  [mixed] ---
   risk%      n       final$      ROI%  maxDD%  ROI/DD  Calmar  Sharpe     PF
    0.10  23670       63,805     538.0    20.5   26.22    3.90    1.63   1.33
    0.20  23666      149,221    1392.2    38.4   36.21    3.53    1.67   1.38
    0.25  23639      192,675    1826.7    46.0   39.72    3.39    1.64   1.39
    0.30  23576      240,125    2301.2    52.6   43.79    3.31    1.60   1.42
    0.50  22939      384,131    3741.3    72.0   51.94    3.03    1.49   1.42
    0.75  21735      476,024    4660.2    78.0   59.72    3.08    1.39   1.38
    1.00  20325      616,530    6065.3    82.1   73.84    3.29    1.37   1.38
    1.25  18924      653,205    6432.1    83.3   77.25    3.32    1.38   1.35
    1.50  17440      691,572    6815.7    93.6   72.85    3.03    1.36   1.34
    1.75  16616      651,007    6410.1    88.8   72.16    3.11    1.34   1.29
    2.00  15441      571,932    5619.3    90.7   61.98    2.88    1.31   1.25
    2.50  12741      406,006    3960.1    95.1   41.62    2.35    1.51   1.19
    3.00  10511      385,735    3757.4    97.7   38.45    2.24    1.22   1.21

[SWEEP] wrote /Users/lualakol/AutoTrading Bot/risk_study/results/sweep_cost0.0018.csv  (52 rows)
