[SWEEP] universe universe_chopBOS.parquet  32,929 trades  cost 34.1 bps  taper=scaled

  Loading CHOP data for 277 symbols...
    ... loaded 50/277
    ... loaded 100/277
    ... loaded 150/277
    ... loaded 200/277
    ... loaded 250/277
  Loaded CHOP for 277 symbols

--- DEV  2023-06-01..2025-07-01  [in-sample (walk-forward TRAIN)] ---
   risk%      n       final$      ROI%  maxDD%  ROI/DD  Calmar  Sharpe     PF
    0.10  11543       23,483     134.8    30.7    4.39    1.65    1.24   1.27
    0.20  11540       46,409     364.1    54.3    6.71    2.01    1.25   1.31
    0.25  11502       63,144     531.4    62.4    8.52    2.28    1.28   1.35
    0.30  11435       76,844     668.4    70.3    9.51    2.36    1.28   1.37
    0.50  11042       99,853     898.5    86.7   10.37    2.33    1.22   1.32
    0.75  10406      127,674    1176.7    91.8   12.82    2.61    1.26   1.32
    1.00   9272       38,475     284.8    97.6    2.92    0.93    1.11   1.11
    1.25   8383        9,379      -6.2    99.0   -0.06   -0.03    1.08   1.00
    1.50   7700        6,723     -32.8    98.3   -0.33   -0.18    1.09   0.98
    1.75   7126        2,651     -73.5    98.0   -0.75   -0.48    1.13   0.96
    2.00   6401           98     -99.0    99.9   -0.99   -0.89    0.83   0.82
    2.50   5576           16     -99.8   100.0   -1.00   -0.95    0.94   0.81
    3.00   4595            3    -100.0   100.0   -1.00   -0.98    0.81   0.73

--- VAL  2025-07-01..2026-05-25  [walk-forward TEST — config accepted on it] ---
   risk%      n       final$      ROI%  maxDD%  ROI/DD  Calmar  Sharpe     PF
    0.10   9909       23,594     135.9    27.0    5.03    5.93    1.51   1.22
    0.20   9909       44,330     343.3    43.7    7.85    9.71    1.49   1.21
    0.25   9887       58,152     481.5    51.2    9.41   11.92    1.56   1.23
    0.30   9848       71,779     617.8    57.1   10.81   13.97    1.62   1.24
    0.50   9271      107,707     977.1    65.8   14.84   19.91    1.65   1.25
    0.75   8491       95,604     856.0    73.5   11.65   15.45    1.56   1.19
    1.00   7868      147,512    1375.1    77.2   17.81   24.65    1.74   1.21
    1.25   7061      155,233    1452.3    75.5   19.25   26.77    1.78   1.18
    1.50   6452      147,697    1377.0    84.7   16.25   22.49    1.78   1.16
    1.75   6112       83,647     736.5    92.7    7.94   10.40    1.84   1.09
    2.00   5756      164,683    1546.8    69.0   22.40   31.34    1.62   1.13
    2.50   4773      243,093    2330.9    85.7   27.20   39.58    1.91   1.19
    3.00   4178      329,579    3195.8    74.8   42.72   64.19    1.93   1.23

--- HOLDOUT  2026-05-25..2026-07-26  [genuinely untouched] ---
   risk%      n       final$      ROI%  maxDD%  ROI/DD  Calmar  Sharpe     PF
    0.10   2054        7,563     -24.4    25.6   -0.95   -3.15  -12.14   0.49
    0.20   2054        5,543     -44.6    46.3   -0.96   -2.09  -12.19   0.50
    0.25   2054        4,689     -53.1    54.9   -0.97   -1.80  -12.13   0.51
    0.30   2045        4,027     -59.7    61.5   -0.97   -1.62  -11.86   0.52
    0.50   1997        2,215     -77.8    80.0   -0.97   -1.25  -10.26   0.56
    0.75   1888        1,631     -83.7    87.1   -0.96   -1.15   -7.54   0.63
    1.00   1676        1,549     -84.5    89.9   -0.94   -1.11   -4.97   0.68
    1.25   1654          889     -91.1    93.9   -0.97   -1.06   -6.32   0.68
    1.50   1501          725     -92.7    94.9   -0.98   -1.05   -5.28   0.68
    1.75   1410          663     -93.4    96.1   -0.97   -1.04   -3.43   0.72
    2.00   1340          298     -97.0    98.1   -0.99   -1.02   -4.53   0.69
    2.50   1173          169     -98.3    98.7   -1.00   -1.01   -4.35   0.65
    3.00    528        1,605     -83.9    95.6   -0.88   -1.05    0.38   0.66

--- FULL  2023-06-01..2026-07-26  [mixed] ---
   risk%      n       final$      ROI%  maxDD%  ROI/DD  Calmar  Sharpe     PF
    0.10  23553       40,426     304.3    30.7    9.93    1.82    1.21   1.18
    0.20  23550      100,281     902.8    54.1   16.70    1.99    1.31   1.24
    0.25  23506      141,994    1319.9    62.4   21.17    2.12    1.34   1.29
    0.30  23402      174,383    1643.8    70.2   23.41    2.10    1.35   1.30
    0.50  22554      222,665    2126.6    86.7   24.54    1.94    1.25   1.26
    0.75  20958      237,194    2271.9    93.4   24.33    1.85    1.21   1.22
    1.00  19171      261,750    2517.5    95.7   26.32    1.90    1.21   1.21
    1.25  16812       72,872     628.7    98.8    6.36    0.89    1.25   1.08
    1.50  15578       59,212     492.1    98.8    4.98    0.77    1.31   1.05
    1.75  12639          565     -94.3    99.7   -0.95   -0.60    1.21   0.97
    2.00  12199       24,945     149.4    99.5    1.50    0.34    1.50   1.02
    2.50   9793           72     -99.3   100.0   -0.99   -0.79    1.39   0.90
    3.00   4170            1    -100.0   100.0   -1.00   -0.94    0.48   0.88

[SWEEP] wrote /Users/lualakol/AutoTrading Bot/risk_study/results/sweep_fixed341.csv  (52 rows)
