[SWEEP] universe universe_chopBOS.parquet  32,929 trades  cost 18.0 bps  taper=scaled

  Loading CHOP data for 277 symbols...
    ... loaded 50/277
    ... loaded 100/277
    ... loaded 150/277
    ... loaded 200/277
    ... loaded 250/277
  Loaded CHOP for 277 symbols

--- DEV  2023-06-01..2025-07-01  [in-sample (walk-forward TRAIN)] ---
   risk%      n       final$      ROI%  maxDD%  ROI/DD  Calmar  Sharpe     PF
    0.10  11543       32,561     225.6    19.7   11.43    3.86    1.70   1.42
    0.20  11539       72,864     628.6    36.9   17.05    4.32    1.67   1.47
    0.25  11521       94,410     844.1    44.6   18.93    4.35    1.60   1.50
    0.30  11477      121,334    1113.3    51.3   21.69    4.51    1.59   1.53
    0.50  11217      197,098    1871.0    70.2   26.64    4.53    1.50   1.53
    0.75  10755      264,699    2547.0    78.0   32.64    4.89    1.44   1.48
    1.00  10177      288,739    2787.4    80.7   34.53    4.98    1.40   1.40
    1.25   9546      315,613    3056.1    85.2   35.86    4.98    1.42   1.39
    1.50   8839      331,255    3212.5    92.1   34.88    4.74    1.48   1.43
    1.75   8206      194,086    1840.9    92.3   19.93    3.41    1.43   1.29
    2.00   7445      140,455    1304.6    94.8   13.76    2.69    1.45   1.22
    2.50   6179       37,932     279.3    97.7    2.86    0.92    1.50   1.07
    3.00   5056        2,210     -77.9    98.8   -0.79   -0.52    1.35   0.95

--- VAL  2025-07-01..2026-05-25  [walk-forward TEST — config accepted on it] ---
   risk%      n       final$      ROI%  maxDD%  ROI/DD  Calmar  Sharpe     PF
    0.10   9909       32,367     223.7    19.9   11.24   13.56    2.07   1.34
    0.20   9909       77,212     672.1    34.7   19.40   25.22    1.96   1.39
    0.25   9894      100,074     900.7    41.0   21.94   29.23    1.91   1.40
    0.30   9868      119,112    1091.1    46.7   23.37   31.66    1.92   1.41
    0.50   9412      192,785    1827.9    53.9   33.90   48.18    1.89   1.43
    0.75   8658      198,157    1881.6    61.2   30.75   43.83    1.79   1.34
    1.00   7958      232,160    2221.6    68.0   32.65   47.29    1.80   1.32
    1.25   7383      349,313    3393.1    59.7   56.79   85.85    1.95   1.38
    1.50   6759      269,948    2599.5    70.2   37.04   54.50    1.84   1.26
    1.75   6483      370,833    3608.3    59.9   60.22   91.62    1.88   1.31
    2.00   6005      378,578    3685.8    71.4   51.60   78.68    1.87   1.29
    2.50   5333      539,473    5294.7    55.9   94.72  150.01    2.51   1.34
    3.00   4590      734,849    7248.5    50.1  144.61  236.84    3.14   1.42

--- HOLDOUT  2026-05-25..2026-07-26  [genuinely untouched] ---
   risk%      n       final$      ROI%  maxDD%  ROI/DD  Calmar  Sharpe     PF
    0.10   2054        8,020     -19.8    21.9   -0.91   -3.33   -9.84   0.55
    0.20   2054        6,227     -37.7    40.8   -0.92   -2.30  -10.04   0.55
    0.25   2054        5,472     -45.3    48.6   -0.93   -2.00  -10.04   0.56
    0.30   2046        4,885     -51.1    54.7   -0.94   -1.80   -9.77   0.57
    0.50   2003        3,028     -69.7    73.8   -0.94   -1.35   -8.63   0.60
    0.75   1894        2,379     -76.2    81.8   -0.93   -1.22   -6.41   0.67
    1.00   1716        2,365     -76.4    85.0   -0.90   -1.18   -4.44   0.72
    1.25   1627        1,303     -87.0    91.1   -0.95   -1.10   -5.73   0.69
    1.50   1496        1,653     -83.5    89.3   -0.93   -1.12   -3.41   0.74
    1.75   1374          822     -91.8    95.0   -0.97   -1.05   -4.14   0.71
    2.00   1380          496     -95.0    96.6   -0.98   -1.04   -3.35   0.69
    2.50   1185          567     -94.3    96.3   -0.98   -1.04   -2.56   0.72
    3.00   1037          392     -96.1    97.8   -0.98   -1.02   -2.75   0.72

--- FULL  2023-06-01..2026-07-26  [mixed] ---
   risk%      n       final$      ROI%  maxDD%  ROI/DD  Calmar  Sharpe     PF
    0.10  23553       71,443     614.4    19.7   31.25    4.41    1.72   1.35
    0.20  23549      162,290    1522.9    36.7   41.45    3.87    1.74   1.41
    0.25  23522      207,220    1972.2    44.4   44.38    3.64    1.67   1.42
    0.30  23454      259,059    2490.6    51.3   48.52    3.52    1.63   1.44
    0.50  22824      392,497    3825.0    69.6   54.93    3.17    1.50   1.43
    0.75  21590      489,190    4791.9    78.0   61.40    3.12    1.39   1.38
    1.00  20059      572,511    5625.1    84.3   66.75    3.10    1.35   1.36
    1.25  18860      675,089    6650.9    82.9   80.18    3.38    1.37   1.36
    1.50  17424      632,451    6224.5    93.3   66.71    2.92    1.31   1.32
    1.75  16445      475,262    4652.6    95.5   48.73    2.52    1.35   1.25
    2.00  15420      595,607    5856.1    91.6   63.94    2.90    1.33   1.27
    2.50  13069      643,069    6330.7    94.2   67.24    2.92    1.40   1.27
    3.00  10247      280,457    2704.6    99.3   27.25    1.89    1.59   1.18

[SWEEP] wrote /Users/lualakol/AutoTrading Bot/risk_study/results/sweep_fixed18.csv  (52 rows)
